{
  "data": [
    {
      "hoverinfo": "text",
      "marker": {
        "color": "rgb(61,153,112)"
      },
      "mode": "lines",
      "type": "scatter",
      "x": [
        25.0,
        25.0,
        35.0,
        35.0
      ],
      "xaxis": "x",
      "y": [
        0.0,
        88.00085052587896,
        88.00085052587896,
        0.0
      ],
      "yaxis": "y2"
    },
    {
      "hoverinfo": "text",
      "marker": {
        "color": "rgb(61,153,112)"
      },
      "mode": "lines",
      "type": "scatter",
      "x": [
        15.0,
        15.0,
        30.0,
        30.0
      ],
      "xaxis": "x",
      "y": [
        0.0,
        88.36907042061867,
        88.36907042061867,
        88.00085052587896
      ],
      "yaxis": "y2"
    },
    {
      "hoverinfo": "text",
      "marker": {
        "color": "rgb(61,153,112)"
      },
      "mode": "lines",
      "type": "scatter",
      "x": [
        75.0,
        75.0,
        85.0,
        85.0
      ],
      "xaxis": "x",
      "y": [
        0.0,
        70.67534714680191,
        70.67534714680191,
        0.0
      ],
      "yaxis": "y2"
    },
    {
      "hoverinfo": "text",
      "marker": {
        "color": "rgb(61,153,112)"
      },
      "mode": "lines",
      "type": "scatter",
      "x": [
        65.0,
        65.0,
        80.0,
        80.0
      ],
      "xaxis": "x",
      "y": [
        0.0,
        72.4955029140378,
        72.4955029140378,
        70.67534714680191
      ],
      "yaxis": "y2"
    },
    {
      "hoverinfo": "text",
      "marker": {
        "color": "rgb(61,153,112)"
      },
      "mode": "lines",
      "type": "scatter",
      "x": [
        55.0,
        55.0,
        72.5,
        72.5
      ],
      "xaxis": "x",
      "y": [
        0.0,
        78.97666445377465,
        78.97666445377465,
        72.4955029140378
      ],
      "yaxis": "y2"
    },
    {
      "hoverinfo": "text",
      "marker": {
        "color": "rgb(61,153,112)"
      },
      "mode": "lines",
      "type": "scatter",
      "x": [
        45.0,
        45.0,
        63.75,
        63.75
      ],
      "xaxis": "x",
      "y": [
        0.0,
        89.89580168077363,
        89.89580168077363,
        78.97666445377465
      ],
      "yaxis": "y2"
    },
    {
      "hoverinfo": "text",
      "marker": {
        "color": "rgb(61,153,112)"
      },
      "mode": "lines",
      "type": "scatter",
      "x": [
        105.0,
        105.0,
        115.0,
        115.0
      ],
      "xaxis": "x",
      "y": [
        0.0,
        84.47559099727115,
        84.47559099727115,
        0.0
      ],
      "yaxis": "y2"
    },
    {
      "hoverinfo": "text",
      "marker": {
        "color": "rgb(61,153,112)"
      },
      "mode": "lines",
      "type": "scatter",
      "x": [
        95.0,
        95.0,
        110.0,
        110.0
      ],
      "xaxis": "x",
      "y": [
        0.0,
        100.822864979478,
        100.822864979478,
        84.47559099727115
      ],
      "yaxis": "y2"
    },
    {
      "hoverinfo": "text",
      "marker": {
        "color": "rgb(61,153,112)"
      },
      "mode": "lines",
      "type": "scatter",
      "x": [
        125.0,
        125.0,
        135.0,
        135.0
      ],
      "xaxis": "x",
      "y": [
        0.0,
        110.97189461020326,
        110.97189461020326,
        0.0
      ],
      "yaxis": "y2"
    },
    {
      "hoverinfo": "text",
      "marker": {
        "color": "rgb(61,153,112)"
      },
      "mode": "lines",
      "type": "scatter",
      "x": [
        102.5,
        102.5,
        130.0,
        130.0
      ],
      "xaxis": "x",
      "y": [
        100.822864979478,
        130.82372846793794,
        130.82372846793794,
        110.97189461020326
      ],
      "yaxis": "y2"
    },
    {
      "hoverinfo": "text",
      "marker": {
        "color": "rgb(61,153,112)"
      },
      "mode": "lines",
      "type": "scatter",
      "x": [
        54.375,
        54.375,
        116.25,
        116.25
      ],
      "xaxis": "x",
      "y": [
        89.89580168077363,
        137.47047715536326,
        137.47047715536326,
        130.82372846793794
      ],
      "yaxis": "y2"
    },
    {
      "hoverinfo": "text",
      "marker": {
        "color": "rgb(61,153,112)"
      },
      "mode": "lines",
      "type": "scatter",
      "x": [
        22.5,
        22.5,
        85.3125,
        85.3125
      ],
      "xaxis": "x",
      "y": [
        88.36907042061867,
        193.69215713589344,
        193.69215713589344,
        137.47047715536326
      ],
      "yaxis": "y2"
    },
    {
      "hoverinfo": "text",
      "marker": {
        "color": "rgb(0,116,217)"
      },
      "mode": "lines",
      "type": "scatter",
      "x": [
        5.0,
        5.0,
        53.90625,
        53.90625
      ],
      "xaxis": "x",
      "y": [
        0.0,
        331.3664061820712,
        331.3664061820712,
        193.69215713589344
      ],
      "yaxis": "y2"
    },
    {
      "hoverinfo": "text",
      "marker": {
        "color": "rgb(61,153,112)"
      },
      "mode": "lines",
      "type": "scatter",
      "x": [
        -0.0,
        -88.00085052587896,
        -88.00085052587896,
        -0.0
      ],
      "xaxis": "x2",
      "y": [
        25.0,
        25.0,
        35.0,
        35.0
      ],
      "yaxis": "y"
    },
    {
      "hoverinfo": "text",
      "marker": {
        "color": "rgb(61,153,112)"
      },
      "mode": "lines",
      "type": "scatter",
      "x": [
        -0.0,
        -88.36907042061867,
        -88.36907042061867,
        -88.00085052587896
      ],
      "xaxis": "x2",
      "y": [
        15.0,
        15.0,
        30.0,
        30.0
      ],
      "yaxis": "y"
    },
    {
      "hoverinfo": "text",
      "marker": {
        "color": "rgb(61,153,112)"
      },
      "mode": "lines",
      "type": "scatter",
      "x": [
        -0.0,
        -70.67534714680191,
        -70.67534714680191,
        -0.0
      ],
      "xaxis": "x2",
      "y": [
        75.0,
        75.0,
        85.0,
        85.0
      ],
      "yaxis": "y"
    },
    {
      "hoverinfo": "text",
      "marker": {
        "color": "rgb(61,153,112)"
      },
      "mode": "lines",
      "type": "scatter",
      "x": [
        -0.0,
        -72.4955029140378,
        -72.4955029140378,
        -70.67534714680191
      ],
      "xaxis": "x2",
      "y": [
        65.0,
        65.0,
        80.0,
        80.0
      ],
      "yaxis": "y"
    },
    {
      "hoverinfo": "text",
      "marker": {
        "color": "rgb(61,153,112)"
      },
      "mode": "lines",
      "type": "scatter",
      "x": [
        -0.0,
        -78.97666445377465,
        -78.97666445377465,
        -72.4955029140378
      ],
      "xaxis": "x2",
      "y": [
        55.0,
        55.0,
        72.5,
        72.5
      ],
      "yaxis": "y"
    },
    {
      "hoverinfo": "text",
      "marker": {
        "color": "rgb(61,153,112)"
      },
      "mode": "lines",
      "type": "scatter",
      "x": [
        -0.0,
        -89.89580168077363,
        -89.89580168077363,
        -78.97666445377465
      ],
      "xaxis": "x2",
      "y": [
        45.0,
        45.0,
        63.75,
        63.75
      ],
      "yaxis": "y"
    },
    {
      "hoverinfo": "text",
      "marker": {
        "color": "rgb(61,153,112)"
      },
      "mode": "lines",
      "type": "scatter",
      "x": [
        -0.0,
        -84.47559099727115,
        -84.47559099727115,
        -0.0
      ],
      "xaxis": "x2",
      "y": [
        105.0,
        105.0,
        115.0,
        115.0
      ],
      "yaxis": "y"
    },
    {
      "hoverinfo": "text",
      "marker": {
        "color": "rgb(61,153,112)"
      },
      "mode": "lines",
      "type": "scatter",
      "x": [
        -0.0,
        -100.822864979478,
        -100.822864979478,
        -84.47559099727115
      ],
      "xaxis": "x2",
      "y": [
        95.0,
        95.0,
        110.0,
        110.0
      ],
      "yaxis": "y"
    },
    {
      "hoverinfo": "text",
      "marker": {
        "color": "rgb(61,153,112)"
      },
      "mode": "lines",
      "type": "scatter",
      "x": [
        -0.0,
        -110.97189461020326,
        -110.97189461020326,
        -0.0
      ],
      "xaxis": "x2",
      "y": [
        125.0,
        125.0,
        135.0,
        135.0
      ],
      "yaxis": "y"
    },
    {
      "hoverinfo": "text",
      "marker": {
        "color": "rgb(61,153,112)"
      },
      "mode": "lines",
      "type": "scatter",
      "x": [
        -100.822864979478,
        -130.82372846793794,
        -130.82372846793794,
        -110.97189461020326
      ],
      "xaxis": "x2",
      "y": [
        102.5,
        102.5,
        130.0,
        130.0
      ],
      "yaxis": "y"
    },
    {
      "hoverinfo": "text",
      "marker": {
        "color": "rgb(61,153,112)"
      },
      "mode": "lines",
      "type": "scatter",
      "x": [
        -89.89580168077363,
        -137.47047715536326,
        -137.47047715536326,
        -130.82372846793794
      ],
      "xaxis": "x2",
      "y": [
        54.375,
        54.375,
        116.25,
        116.25
      ],
      "yaxis": "y"
    },
    {
      "hoverinfo": "text",
      "marker": {
        "color": "rgb(61,153,112)"
      },
      "mode": "lines",
      "type": "scatter",
      "x": [
        -88.36907042061867,
        -193.69215713589344,
        -193.69215713589344,
        -137.47047715536326
      ],
      "xaxis": "x2",
      "y": [
        22.5,
        22.5,
        85.3125,
        85.3125
      ],
      "yaxis": "y"
    },
    {
      "hoverinfo": "text",
      "marker": {
        "color": "rgb(0,116,217)"
      },
      "mode": "lines",
      "type": "scatter",
      "x": [
        -0.0,
        -331.3664061820712,
        -331.3664061820712,
        -193.69215713589344
      ],
      "xaxis": "x2",
      "y": [
        5.0,
        5.0,
        53.90625,
        53.90625
      ],
      "yaxis": "y"
    },
    {
      "colorscale": [
        [
          0.0,
          "rgb(247,251,255)"
        ],
        [
          0.125,
          "rgb(222,235,247)"
        ],
        [
          0.25,
          "rgb(198,219,239)"
        ],
        [
          0.375,
          "rgb(158,202,225)"
        ],
        [
          0.5,
          "rgb(107,174,214)"
        ],
        [
          0.625,
          "rgb(66,146,198)"
        ],
        [
          0.75,
          "rgb(33,113,181)"
        ],
        [
          0.875,
          "rgb(8,81,156)"
        ],
        [
          1.0,
          "rgb(8,48,107)"
        ]
      ],
      "type": "heatmap",
      "x": [
        5.0,
        15.0,
        25.0,
        35.0,
        45.0,
        55.0,
        65.0,
        75.0,
        85.0,
        95.0,
        105.0,
        115.0,
        125.0,
        135.0
      ],
      "y": [
        5.0,
        15.0,
        25.0,
        35.0,
        45.0,
        55.0,
        65.0,
        75.0,
        85.0,
        95.0,
        105.0,
        115.0,
        125.0,
        135.0
      ],
      "z": [
        [
          0.0,
          282.6586555222196,
          283.0323537763515,
          285.81123031829486,
          331.3664061820712,
          326.7119752012087,
          325.85675900743433,
          325.24108640809436,
          326.1918722768929,
          312.47174924792915,
          306.9563327305225,
          317.1597840480546,
          313.3218861293432,
          299.3219042238193
        ],
        [
          282.6586555222196,
          0.0,
          88.36907042061867,
          88.03445320394553,
          188.12722676152936,
          191.8092346759312,
          189.63795200958475,
          187.88406939329283,
          188.141090707622,
          179.94301985605958,
          168.40460263407445,
          175.51207432099065,
          185.99563508203275,
          162.90763794622202
        ],
        [
          283.0323537763515,
          88.36907042061867,
          0.0,
          88.00085052587896,
          190.50267368047213,
          193.69215713589344,
          191.94920886445792,
          189.78959719902196,
          190.21649402240942,
          181.7699867025086,
          170.1876480215644,
          177.165452347114,
          188.77400462545086,
          164.2481849942204
        ],
        [
          285.81123031829486,
          88.03445320394553,
          88.00085052587896,
          0.0,
          188.15317989177004,
          192.8470800928475,
          190.7400553248861,
          188.71758788570833,
          188.8102494733972,
          182.7007770245111,
          169.74326596728363,
          176.79921624886055,
          186.96416800415474,
          164.02823926385767
        ],
        [
          331.3664061820712,
          188.12722676152936,
          190.50267368047213,
          188.15317989177004,
          0.0,
          89.89580168077363,
          79.43455737085549,
          81.39548535309962,
          78.23010508806135,
          137.47047715536326,
          122.69458425358026,
          119.47760967093315,
          132.49260908959332,
          129.37567333535182
        ],
        [
          326.7119752012087,
          191.8092346759312,
          193.69215713589344,
          192.8470800928475,
          89.89580168077363,
          0.0,
          78.51663595642344,
          73.0608324536747,
          78.97666445377465,
          134.74148346929255,
          118.96640734250242,
          118.1864541242923,
          132.37808308037634,
          131.72269417950423
        ],
        [
          325.85675900743433,
          189.63795200958475,
          191.94920886445792,
          190.7400553248861,
          79.43455737085549,
          78.51663595642344,
          0.0,
          72.4955029140378,
          72.26640671506347,
          132.5229484138003,
          117.53068767551916,
          115.23161867256317,
          130.31655454296617,
          129.68404888600773
        ],
        [
          325.24108640809436,
          187.88406939329283,
          189.78959719902196,
          188.71758788570833,
          81.39548535309962,
          73.0608324536747,
          72.4955029140378,
          0.0,
          70.67534714680191,
          133.3148848718407,
          115.54501781560313,
          115.19499165732707,
          130.118683390705,
          127.55221656793705
        ],
        [
          326.1918722768929,
          188.141090707622,
          190.21649402240942,
          188.8102494733972,
          78.23010508806135,
          78.97666445377465,
          72.26640671506347,
          70.67534714680191,
          0.0,
          130.05162337962213,
          112.78887959277485,
          110.15670301483449,
          130.34115824465508,
          125.39535376116348
        ],
        [
          312.47174924792915,
          179.94301985605958,
          181.7699867025086,
          182.7007770245111,
          137.47047715536326,
          134.74148346929255,
          132.5229484138003,
          133.3148848718407,
          130.05162337962213,
          0.0,
          100.822864979478,
          87.95352744117413,
          130.82372846793794,
          112.29639028595072
        ],
        [
          306.9563327305225,
          168.40460263407445,
          170.1876480215644,
          169.74326596728363,
          122.69458425358026,
          118.96640734250242,
          117.53068767551916,
          115.54501781560313,
          112.78887959277485,
          100.822864979478,
          0.0,
          84.47559099727115,
          103.79808123312641,
          84.47741708643912
        ],
        [
          317.1597840480546,
          175.51207432099065,
          177.165452347114,
          176.79921624886055,
          119.47760967093315,
          118.1864541242923,
          115.23161867256317,
          115.19499165732707,
          110.15670301483449,
          87.95352744117413,
          84.47559099727115,
          0.0,
          110.70609189017514,
          100.9287568880926
        ],
        [
          313.3218861293432,
          185.99563508203275,
          188.77400462545086,
          186.96416800415474,
          132.49260908959332,
          132.37808308037634,
          130.31655454296617,
          130.118683390705,
          130.34115824465508,
          130.82372846793794,
          103.79808123312641,
          110.70609189017514,
          0.0,
          110.97189461020326
        ],
        [
          299.3219042238193,
          162.90763794622202,
          164.2481849942204,
          164.02823926385767,
          129.37567333535182,
          131.72269417950423,
          129.68404888600773,
          127.55221656793705,
          125.39535376116348,
          112.29639028595072,
          84.47741708643912,
          100.9287568880926,
          110.97189461020326,
          0.0
        ]
      ]
    }
  ],
  "layout": {
    "autosize": false,
    "height": 1200,
    "hovermode": "closest",
    "showlegend": false,
    "template": {
      "data": {
        "bar": [
          {
            "error_x": {
              "color": "#2a3f5f"
            },
            "error_y": {
              "color": "#2a3f5f"
            },
            "marker": {
              "line": {
                "color": "#E5ECF6",
                "width": 0.5
              }
            },
            "type": "bar"
          }
        ],
        "barpolar": [
          {
            "marker": {
              "line": {
                "color": "#E5ECF6",
                "width": 0.5
              }
            },
            "type": "barpolar"
          }
        ],
        "carpet": [
          {
            "aaxis": {
              "endlinecolor": "#2a3f5f",
              "gridcolor": "white",
              "linecolor": "white",
              "minorgridcolor": "white",
              "startlinecolor": "#2a3f5f"
            },
            "baxis": {
              "endlinecolor": "#2a3f5f",
              "gridcolor": "white",
              "linecolor": "white",
              "minorgridcolor": "white",
              "startlinecolor": "#2a3f5f"
            },
            "type": "carpet"
          }
        ],
        "choropleth": [
          {
            "colorbar": {
              "outlinewidth": 0,
              "ticks": ""
            },
            "type": "choropleth"
          }
        ],
        "contour": [
          {
            "colorbar": {
              "outlinewidth": 0,
              "ticks": ""
            },
            "colorscale": [
              [
                0.0,
                "#0d0887"
              ],
              [
                0.1111111111111111,
                "#46039f"
              ],
              [
                0.2222222222222222,
                "#7201a8"
              ],
              [
                0.3333333333333333,
                "#9c179e"
              ],
              [
                0.4444444444444444,
                "#bd3786"
              ],
              [
                0.5555555555555556,
                "#d8576b"
              ],
              [
                0.6666666666666666,
                "#ed7953"
              ],
              [
                0.7777777777777778,
                "#fb9f3a"
              ],
              [
                0.8888888888888888,
                "#fdca26"
              ],
              [
                1.0,
                "#f0f921"
              ]
            ],
            "type": "contour"
          }
        ],
        "contourcarpet": [
          {
            "colorbar": {
              "outlinewidth": 0,
              "ticks": ""
            },
            "type": "contourcarpet"
          }
        ],
        "heatmap": [
          {
            "colorbar": {
              "outlinewidth": 0,
              "ticks": ""
            },
            "colorscale": [
              [
                0.0,
                "#0d0887"
              ],
              [
                0.1111111111111111,
                "#46039f"
              ],
              [
                0.2222222222222222,
                "#7201a8"
              ],
              [
                0.3333333333333333,
                "#9c179e"
              ],
              [
                0.4444444444444444,
                "#bd3786"
              ],
              [
                0.5555555555555556,
                "#d8576b"
              ],
              [
                0.6666666666666666,
                "#ed7953"
              ],
              [
                0.7777777777777778,
                "#fb9f3a"
              ],
              [
                0.8888888888888888,
                "#fdca26"
              ],
              [
                1.0,
                "#f0f921"
              ]
            ],
            "type": "heatmap"
          }
        ],
        "heatmapgl": [
          {
            "colorbar": {
              "outlinewidth": 0,
              "ticks": ""
            },
            "colorscale": [
              [
                0.0,
                "#0d0887"
              ],
              [
                0.1111111111111111,
                "#46039f"
              ],
              [
                0.2222222222222222,
                "#7201a8"
              ],
              [
                0.3333333333333333,
                "#9c179e"
              ],
              [
                0.4444444444444444,
                "#bd3786"
              ],
              [
                0.5555555555555556,
                "#d8576b"
              ],
              [
                0.6666666666666666,
                "#ed7953"
              ],
              [
                0.7777777777777778,
                "#fb9f3a"
              ],
              [
                0.8888888888888888,
                "#fdca26"
              ],
              [
                1.0,
                "#f0f921"
              ]
            ],
            "type": "heatmapgl"
          }
        ],
        "histogram": [
          {
            "marker": {
              "colorbar": {
                "outlinewidth": 0,
                "ticks": ""
              }
            },
            "type": "histogram"
          }
        ],
        "histogram2d": [
          {
            "colorbar": {
              "outlinewidth": 0,
              "ticks": ""
            },
            "colorscale": [
              [
                0.0,
                "#0d0887"
              ],
              [
                0.1111111111111111,
                "#46039f"
              ],
              [
                0.2222222222222222,
                "#7201a8"
              ],
              [
                0.3333333333333333,
                "#9c179e"
              ],
              [
                0.4444444444444444,
                "#bd3786"
              ],
              [
                0.5555555555555556,
                "#d8576b"
              ],
              [
                0.6666666666666666,
                "#ed7953"
              ],
              [
                0.7777777777777778,
                "#fb9f3a"
              ],
              [
                0.8888888888888888,
                "#fdca26"
              ],
              [
                1.0,
                "#f0f921"
              ]
            ],
            "type": "histogram2d"
          }
        ],
        "histogram2dcontour": [
          {
            "colorbar": {
              "outlinewidth": 0,
              "ticks": ""
            },
            "colorscale": [
              [
                0.0,
                "#0d0887"
              ],
              [
                0.1111111111111111,
                "#46039f"
              ],
              [
                0.2222222222222222,
                "#7201a8"
              ],
              [
                0.3333333333333333,
                "#9c179e"
              ],
              [
                0.4444444444444444,
                "#bd3786"
              ],
              [
                0.5555555555555556,
                "#d8576b"
              ],
              [
                0.6666666666666666,
                "#ed7953"
              ],
              [
                0.7777777777777778,
                "#fb9f3a"
              ],
              [
                0.8888888888888888,
                "#fdca26"
              ],
              [
                1.0,
                "#f0f921"
              ]
            ],
            "type": "histogram2dcontour"
          }
        ],
        "mesh3d": [
          {
            "colorbar": {
              "outlinewidth": 0,
              "ticks": ""
            },
            "type": "mesh3d"
          }
        ],
        "parcoords": [
          {
            "line": {
              "colorbar": {
                "outlinewidth": 0,
                "ticks": ""
              }
            },
            "type": "parcoords"
          }
        ],
        "pie": [
          {
            "automargin": true,
            "type": "pie"
          }
        ],
        "scatter": [
          {
            "marker": {
              "colorbar": {
                "outlinewidth": 0,
                "ticks": ""
              }
            },
            "type": "scatter"
          }
        ],
        "scatter3d": [
          {
            "line": {
              "colorbar": {
                "outlinewidth": 0,
                "ticks": ""
              }
            },
            "marker": {
              "colorbar": {
                "outlinewidth": 0,
                "ticks": ""
              }
            },
            "type": "scatter3d"
          }
        ],
        "scattercarpet": [
          {
            "marker": {
              "colorbar": {
                "outlinewidth": 0,
                "ticks": ""
              }
            },
            "type": "scattercarpet"
          }
        ],
        "scattergeo": [
          {
            "marker": {
              "colorbar": {
                "outlinewidth": 0,
                "ticks": ""
              }
            },
            "type": "scattergeo"
          }
        ],
        "scattergl": [
          {
            "marker": {
              "colorbar": {
                "outlinewidth": 0,
                "ticks": ""
              }
            },
            "type": "scattergl"
          }
        ],
        "scattermapbox": [
          {
            "marker": {
              "colorbar": {
                "outlinewidth": 0,
                "ticks": ""
              }
            },
            "type": "scattermapbox"
          }
        ],
        "scatterpolar": [
          {
            "marker": {
              "colorbar": {
                "outlinewidth": 0,
                "ticks": ""
              }
            },
            "type": "scatterpolar"
          }
        ],
        "scatterpolargl": [
          {
            "marker": {
              "colorbar": {
                "outlinewidth": 0,
                "ticks": ""
              }
            },
            "type": "scatterpolargl"
          }
        ],
        "scatterternary": [
          {
            "marker": {
              "colorbar": {
                "outlinewidth": 0,
                "ticks": ""
              }
            },
            "type": "scatterternary"
          }
        ],
        "surface": [
          {
            "colorbar": {
              "outlinewidth": 0,
              "ticks": ""
            },
            "colorscale": [
              [
                0.0,
                "#0d0887"
              ],
              [
                0.1111111111111111,
                "#46039f"
              ],
              [
                0.2222222222222222,
                "#7201a8"
              ],
              [
                0.3333333333333333,
                "#9c179e"
              ],
              [
                0.4444444444444444,
                "#bd3786"
              ],
              [
                0.5555555555555556,
                "#d8576b"
              ],
              [
                0.6666666666666666,
                "#ed7953"
              ],
              [
                0.7777777777777778,
                "#fb9f3a"
              ],
              [
                0.8888888888888888,
                "#fdca26"
              ],
              [
                1.0,
                "#f0f921"
              ]
            ],
            "type": "surface"
          }
        ],
        "table": [
          {
            "cells": {
              "fill": {
                "color": "#EBF0F8"
              },
              "line": {
                "color": "white"
              }
            },
            "header": {
              "fill": {
                "color": "#C8D4E3"
              },
              "line": {
                "color": "white"
              }
            },
            "type": "table"
          }
        ]
      },
      "layout": {
        "annotationdefaults": {
          "arrowcolor": "#2a3f5f",
          "arrowhead": 0,
          "arrowwidth": 1
        },
        "coloraxis": {
          "colorbar": {
            "outlinewidth": 0,
            "ticks": ""
          }
        },
        "colorscale": {
          "diverging": [
            [
              0,
              "#8e0152"
            ],
            [
              0.1,
              "#c51b7d"
            ],
            [
              0.2,
              "#de77ae"
            ],
            [
              0.3,
              "#f1b6da"
            ],
            [
              0.4,
              "#fde0ef"
            ],
            [
              0.5,
              "#f7f7f7"
            ],
            [
              0.6,
              "#e6f5d0"
            ],
            [
              0.7,
              "#b8e186"
            ],
            [
              0.8,
              "#7fbc41"
            ],
            [
              0.9,
              "#4d9221"
            ],
            [
              1,
              "#276419"
            ]
          ],
          "sequential": [
            [
              0.0,
              "#0d0887"
            ],
            [
              0.1111111111111111,
              "#46039f"
            ],
            [
              0.2222222222222222,
              "#7201a8"
            ],
            [
              0.3333333333333333,
              "#9c179e"
            ],
            [
              0.4444444444444444,
              "#bd3786"
            ],
            [
              0.5555555555555556,
              "#d8576b"
            ],
            [
              0.6666666666666666,
              "#ed7953"
            ],
            [
              0.7777777777777778,
              "#fb9f3a"
            ],
            [
              0.8888888888888888,
              "#fdca26"
            ],
            [
              1.0,
              "#f0f921"
            ]
          ],
          "sequentialminus": [
            [
              0.0,
              "#0d0887"
            ],
            [
              0.1111111111111111,
              "#46039f"
            ],
            [
              0.2222222222222222,
              "#7201a8"
            ],
            [
              0.3333333333333333,
              "#9c179e"
            ],
            [
              0.4444444444444444,
              "#bd3786"
            ],
            [
              0.5555555555555556,
              "#d8576b"
            ],
            [
              0.6666666666666666,
              "#ed7953"
            ],
            [
              0.7777777777777778,
              "#fb9f3a"
            ],
            [
              0.8888888888888888,
              "#fdca26"
            ],
            [
              1.0,
              "#f0f921"
            ]
          ]
        },
        "colorway": [
          "#636efa",
          "#EF553B",
          "#00cc96",
          "#ab63fa",
          "#FFA15A",
          "#19d3f3",
          "#FF6692",
          "#B6E880",
          "#FF97FF",
          "#FECB52"
        ],
        "font": {
          "color": "#2a3f5f"
        },
        "geo": {
          "bgcolor": "white",
          "lakecolor": "white",
          "landcolor": "#E5ECF6",
          "showlakes": true,
          "showland": true,
          "subunitcolor": "white"
        },
        "hoverlabel": {
          "align": "left"
        },
        "hovermode": "closest",
        "mapbox": {
          "style": "light"
        },
        "paper_bgcolor": "white",
        "plot_bgcolor": "#E5ECF6",
        "polar": {
          "angularaxis": {
            "gridcolor": "white",
            "linecolor": "white",
            "ticks": ""
          },
          "bgcolor": "#E5ECF6",
          "radialaxis": {
            "gridcolor": "white",
            "linecolor": "white",
            "ticks": ""
          }
        },
        "scene": {
          "xaxis": {
            "backgroundcolor": "#E5ECF6",
            "gridcolor": "white",
            "gridwidth": 2,
            "linecolor": "white",
            "showbackground": true,
            "ticks": "",
            "zerolinecolor": "white"
          },
          "yaxis": {
            "backgroundcolor": "#E5ECF6",
            "gridcolor": "white",
            "gridwidth": 2,
            "linecolor": "white",
            "showbackground": true,
            "ticks": "",
            "zerolinecolor": "white"
          },
          "zaxis": {
            "backgroundcolor": "#E5ECF6",
            "gridcolor": "white",
            "gridwidth": 2,
            "linecolor": "white",
            "showbackground": true,
            "ticks": "",
            "zerolinecolor": "white"
          }
        },
        "shapedefaults": {
          "line": {
            "color": "#2a3f5f"
          }
        },
        "ternary": {
          "aaxis": {
            "gridcolor": "white",
            "linecolor": "white",
            "ticks": ""
          },
          "baxis": {
            "gridcolor": "white",
            "linecolor": "white",
            "ticks": ""
          },
          "bgcolor": "#E5ECF6",
          "caxis": {
            "gridcolor": "white",
            "linecolor": "white",
            "ticks": ""
          }
        },
        "title": {
          "x": 0.05
        },
        "xaxis": {
          "automargin": true,
          "gridcolor": "white",
          "linecolor": "white",
          "ticks": "",
          "title": {
            "standoff": 15
          },
          "zerolinecolor": "white",
          "zerolinewidth": 2
        },
        "yaxis": {
          "automargin": true,
          "gridcolor": "white",
          "linecolor": "white",
          "ticks": "",
          "title": {
            "standoff": 15
          },
          "zerolinecolor": "white",
          "zerolinewidth": 2
        }
      }
    },
    "width": 1200,
    "xaxis": {
      "domain": [
        0.15,
        1
      ],
      "mirror": false,
      "rangemode": "tozero",
      "showgrid": false,
      "showline": false,
      "showticklabels": true,
      "tickmode": "array",
      "ticks": "",
      "ticktext": [
        "ol5",
        "r11",
        "r14",
        "r15",
        "h62",
        "h45",
        "h42",
        "h29",
        "h17",
        "c11",
        "c07",
        "c01",
        "c15",
        "c14"
      ],
      "tickvals": [
        5.0,
        15.0,
        25.0,
        35.0,
        45.0,
        55.0,
        65.0,
        75.0,
        85.0,
        95.0,
        105.0,
        115.0,
        125.0,
        135.0
      ],
      "type": "linear",
      "zeroline": false
    },
    "xaxis2": {
      "domain": [
        0,
        0.15
      ],
      "mirror": false,
      "showgrid": false,
      "showline": false,
      "showticklabels": false,
      "ticks": "",
      "zeroline": false
    },
    "yaxis": {
      "domain": [
        0,
        0.85
      ],
      "mirror": false,
      "rangemode": "tozero",
      "showgrid": false,
      "showline": false,
      "showticklabels": false,
      "ticks": "",
      "type": "linear",
      "zeroline": false
    },
    "yaxis2": {
      "domain": [
        0.825,
        0.975
      ],
      "mirror": false,
      "showgrid": false,
      "showline": false,
      "showticklabels": false,
      "ticks": "",
      "zeroline": false
    }
  }
}
